2.9418,4.6863,4.3863,4.7341,4.1235,5.4703,3.2717,4.4471,3.8058,5.0762
4.6863,4.9656,5.5488,5.9611,5.0473,6.7966,3.9807,5.5689,4.5008,5.7871
4.3863,5.5488,5.5976,5.4549,4.6308,6.6306,3.678,5.556,4.4188,5.7895
4.7341,5.9611,5.4549,5.7597,5.0453,6.743,3.7974,5.6693,4.5899,5.734
4.1235,5.0473,4.6308,5.0453,4.2977,5.4435,3.1079,4.7544,3.9714,4.9033
5.4703,6.7966,6.6306,6.743,5.4435,7.1417,4.2967,6.4107,5.3803,6.7727
3.2717,3.9807,3.678,3.7974,3.1079,4.2967,2.2851,3.7357,3.1277,3.7951
4.4471,5.5689,5.556,5.6693,4.7544,6.4107,3.7357,5.4786,4.5852,5.7297
3.8058,4.5008,4.4188,4.5899,3.9714,5.3803,3.1277,4.5852,3.1637,4.9472
5.0762,5.7871,5.7895,5.734,4.9033,6.7727,3.7951,5.7297,4.9472,5.3536
