0.10147,0.038868,0.29699,0.046446,-0.0055187,0.21887,0.15759,-0.25866,0.20237,-0.3042
0.038868,0.23538,0.12262,0.27371,0.15518,-0.23583,-0.1198,-0.31694,-0.054585,-0.043796
0.29699,0.12262,0.34531,0.29107,-0.43765,0.21052,0.18119,-0.41502,0.20153,-0.40544
0.046446,0.27371,0.29107,0.15047,0.04459,-0.040853,0.011001,-0.33016,0.073293,-0.40499
-0.0055187,0.15518,-0.43765,0.04459,0.15596,-0.36193,-0.26223,0.44938,-0.33417,0.52441
0.21887,-0.23583,0.21052,-0.040853,-0.36193,0.24513,0.18912,-0.069245,0.13553,-0.1909
0.15759,-0.1198,0.18119,0.011001,-0.26223,0.18912,0.26147,-0.19534,0.12375,-0.071632
-0.25866,-0.31694,-0.41502,-0.33016,0.44938,-0.069245,-0.19534,0.55023,-0.14569,0.55159
0.20237,-0.054585,0.20153,0.073293,-0.33417,0.13553,0.12375,-0.14569,0.093389,-0.23254
-0.3042,-0.043796,-0.40544,-0.40499,0.52441,-0.1909,-0.071632,0.55159,-0.23254,0.50584
