0.1379,0.1001,-0.3091,-0.15388,0.050996,-0.0011188,0.088289,0.19537,-0.14585,0.11967
0.1001,0.074481,0.0065793,-0.098462,-0.1725,-0.060505,0.34972,0.28637,-0.22815,-0.12563
-0.3091,0.0065793,0.41223,0.23586,0.14979,-0.14779,-0.50902,0.18421,0.78724,-0.17488
-0.15388,-0.098462,0.23586,0.1243,0.15,0.044302,-0.44474,-0.096701,0.50472,-0.070899
0.050996,-0.1725,0.14979,0.15,0.11912,0.09185,-0.34869,-0.14609,0.1293,-0.0071437
-0.0011188,-0.060505,-0.14779,0.044302,0.09185,0.064554,-0.14175,-0.27757,-0.11633,0.1776
0.088289,0.34972,-0.50902,-0.44474,-0.34869,-0.14175,0.90276,0.66024,-0.66252,-0.014244
0.19537,0.28637,0.18421,-0.096701,-0.14609,-0.27757,0.66024,0.024181,-0.030428,-0.13684
-0.14585,-0.22815,0.78724,0.50472,0.1293,-0.11633,-0.66252,-0.030428,0.6433,-0.29973
0.11967,-0.12563,-0.17488,-0.070899,-0.0071437,0.1776,-0.014244,-0.13684,-0.29973,0.083983
