0.46156,-0.038689,0.078821,-0.5733,-0.55551,0.12472,-0.14088,-0.072702,0.46024,-0.66078
-0.038689,0.8298,-0.60252,0.8609,-0.10995,0.28495,-0.44048,-0.23322,-0.61094,0.34305
0.078821,-0.60252,0.13932,-0.22825,0.068311,-0.11815,0.37944,0.075085,0.20276,-0.13847
-0.5733,0.8609,-0.22825,1.251,0.36917,0.064842,-0.4229,0.098766,-0.84768,1.1509
-0.55551,-0.10995,0.068311,0.36917,0.75672,-0.26828,0.12746,0.17899,-0.37712,0.61343
0.12472,0.28495,-0.11815,0.064842,-0.26828,0.0080682,-0.40117,-0.090706,0.04726,-0.21479
-0.14088,-0.44048,0.37944,-0.4229,0.12746,-0.40117,0.16565,0.058338,0.52398,-0.052574
-0.072702,-0.23322,0.075085,0.098766,0.17899,-0.090706,0.058338,0.14484,-0.12234,0.048745
0.46024,-0.61094,0.20276,-0.84768,-0.37712,0.04726,0.52398,-0.12234,0.52395,-0.88624
-0.66078,0.34305,-0.13847,1.1509,0.61343,-0.21479,-0.052574,0.048745,-0.88624,0.76667
