5.1207,4.4151,5.6135,4.1568,5.4463,4.8335,4.5607,5.0074,5.6092,6.1465
4.4151,2.7948,4.362,3.3148,3.8545,4.0749,3.1645,3.8487,3.8452,4.3865
5.6135,4.362,6.1673,4.7429,5.4892,5.5377,4.7343,5.4912,5.7144,6.2819
4.1568,3.3148,4.7429,3.3588,4.3626,4.0769,3.4845,4.0245,4.3068,4.8159
5.4463,3.8545,5.4892,4.3626,4.608,4.86,4.2557,4.8894,5.045,5.5015
4.8335,4.0749,5.5377,4.0769,4.86,4.4556,4.2868,4.7588,5.4098,5.6754
4.5607,3.1645,4.7343,3.4845,4.2557,4.2868,3.3548,3.9867,4.0434,4.6235
5.0074,3.8487,5.4912,4.0245,4.8894,4.7588,3.9867,4.2364,4.8066,5.2709
5.6092,3.8452,5.7144,4.3068,5.045,5.4098,4.0434,4.8066,4.3919,5.3817
6.1465,4.3865,6.2819,4.8159,5.5015,5.6754,4.6235,5.2709,5.3817,6.0808
