6.2831,5.7086,7.6715,5.3604,5.5175,0.0139,0.06122,0.065219,-0.13498,0.063353
5.7086,4.8682,6.1274,4.4109,4.7861,-0.085778,-0.048669,-0.016473,-0.11303,-0.15503
7.6715,6.1274,7.4568,6.3119,6.7793,-0.09904,0.15102,0.059986,-0.08597,0.066192
5.3604,4.4109,6.3119,4.146,4.6417,0.21458,-0.094385,0.086655,-0.0023197,0.034176
5.5175,4.7861,6.7793,4.6417,4.6745,0.25171,-0.18092,0.039607,-0.1453,-0.15782
0.0139,-0.085778,-0.09904,0.21458,0.25171,-0.54042,7.4435,3.8062,2.2224,3.8859
0.06122,-0.048669,0.15102,-0.094385,-0.18092,7.4435,9.6063,4.7267,8.4516,8.7252
0.065219,-0.016473,0.059986,0.086655,0.039607,3.8062,4.7267,1.939,2.8099,6.9218
-0.13498,-0.11303,-0.08597,-0.0023197,-0.1453,2.2224,8.4516,2.8099,2.6295,8.7986
0.063353,-0.15503,0.066192,0.034176,-0.15782,3.8859,8.7252,6.9218,8.7986,0.81891
