7.4818,4.7986,6.3229,1.045,2.329,0.019415,0.086523,-0.17229,0.088028,0.24396
4.7986,8.2669,1.6471,2.6803,2.7237,-0.18942,0.049045,-0.12905,-0.02537,0.30472
6.3229,1.6471,6.5941,3.0543,6.3069,0.090155,0.33464,0.037934,0.3856,-0.041996
1.045,2.6803,3.0543,2.5862,4.2548,-0.33358,0.11453,0.086963,-0.088091,0.21314
2.329,2.7237,6.3069,4.2548,1.6769,-0.11126,-0.020496,-0.43825,-0.032791,-0.1308
0.019415,-0.18942,0.090155,-0.33358,-0.11126,4.2248,5.8435,4.7815,3.3933,3.2448
0.086523,0.049045,0.33464,0.11453,-0.020496,5.8435,0.86002,5.9338,5.0303,6.1046
-0.17229,-0.12905,0.037934,0.086963,-0.43825,4.7815,5.9338,6.388,0.87281,3.0033
0.088028,-0.02537,0.3856,-0.088091,-0.032791,3.3933,5.0303,0.87281,2.7225,4.0646
0.24396,0.30472,-0.041996,0.21314,-0.1308,3.2448,6.1046,3.0033,4.0646,0.27949
