0.41985,0.056448,-0.014276,-0.15083,0.20831,-0.027415,0.04454,0.16819,-0.15118,-0.089497
0.056448,2.6089,0.15291,0.24421,-0.072248,0.13496,-0.080091,0.25338,0.012091,-0.25315
-0.014276,0.15291,-0.72195,0.026352,0.18372,0.068381,0.35319,-0.04688,0.036935,-0.05897
-0.15083,0.24421,0.026352,-0.14341,0.15586,0.18612,0.44668,-1.4604,-0.24342,-0.091943
0.20831,-0.072248,0.18372,0.15586,6.01,0.32861,0.062181,0.18615,-0.080128,-0.33372
-0.027415,0.13496,0.068381,0.18612,0.32861,0.02487,0.1226,0.14033,0.027671,-0.21526
0.04454,-0.080091,0.35319,0.44668,0.062181,0.1226,-0.023897,0.13925,0.10174,0.072
0.16819,0.25338,-0.04688,-1.4604,0.18615,0.14033,0.13925,-0.487,-0.23751,0.10154
-0.15118,0.012091,0.036935,-0.24342,-0.080128,0.027671,0.10174,-0.23751,-0.017988,-0.14804
-0.089497,-0.25315,-0.05897,-0.091943,-0.33372,-0.21526,0.072,0.10154,-0.14804,7.0494
