5.8018,6.0809,5.2839,5.4888,6.043,3.2014,5.5887,7.1807,4.7798,4.7971
6.0809,5.4492,5.4772,5.6981,5.9783,3.129,5.5847,7.1367,4.5177,5.0697
5.2839,5.4772,4.311,4.7989,5.0897,2.9573,4.4158,6.1363,3.874,3.9957
5.4888,5.6981,4.7989,5.1594,5.713,3.2765,5.0255,6.3095,4.1708,4.4926
6.043,5.9783,5.0897,5.713,5.8831,3.4106,5.1179,7.1052,4.458,4.8119
3.2014,3.129,2.9573,3.2765,3.4106,1.7668,3.0773,3.9186,2.6451,2.6515
5.5887,5.5847,4.4158,5.0255,5.1179,3.0773,4.405,6.4556,3.9155,4.1569
7.1807,7.1367,6.1363,6.3095,7.1052,3.9186,6.4556,7.9816,5.203,5.768
4.7798,4.5177,3.874,4.1708,4.458,2.6451,3.9155,5.203,3.1309,3.5821
4.7971,5.0697,3.9957,4.4926,4.8119,2.6515,4.1569,5.768,3.5821,3.0698
