5.7381,5.6162,4.9413,3.3405,8.1183,0.028608,-0.059604,0.15413,0.46221,-0.14713
5.6162,1.5859,3.7122,4.9305,4.8948,-0.015288,-0.1367,-0.087509,0.065056,0.262
4.9413,3.7122,5.6189,6.3338,4.3229,-0.079221,-0.061392,0.29151,0.12459,-0.021535
3.3405,4.9305,6.3338,3.3723,1.7949,-0.22849,0.027874,0.4234,0.0042144,-0.14884
8.1183,4.8948,4.3229,1.7949,5.1653,0.03023,-0.24143,0.038591,0.10041,0.094014
0.028608,-0.015288,-0.079221,-0.22849,0.03023,4.5256,4.4843,4.2292,5.8925,4.9784
-0.059604,-0.1367,-0.061392,0.027874,-0.24143,4.4843,4.2176,4.0846,5.8944,4.8379
0.15413,-0.087509,0.29151,0.4234,0.038591,4.2292,4.0846,3.7162,5.3829,4.1582
0.46221,0.065056,0.12459,0.0042144,0.10041,5.8925,5.8944,5.3829,5.7513,5.7559
-0.14713,0.262,-0.021535,-0.14884,0.094014,4.9784,4.8379,4.1582,5.7559,4.0959
