3.2402,5.2402,5.028,5.3307,6.5927,0.19822,0.23422,0.091351,0.085569,0.1464
5.2402,8.5821,4.9772,4.0514,5.9804,-0.089262,0.44487,-0.33752,0.29,-0.20205
5.028,4.9772,4.9343,6.053,4.2325,-0.07102,-0.029961,-0.17449,0.21377,0.16211
5.3307,4.0514,6.053,8.009,6.0449,0.088826,0.1551,0.3985,0.0053097,0.27816
6.5927,5.9804,4.2325,6.0449,0.20322,0.17439,0.13646,-0.14983,0.23351,0.093886
0.19822,-0.089262,-0.07102,0.088826,0.17439,3.5651,4.6723,4.4975,4.3267,4.8733
0.23422,0.44487,-0.029961,0.1551,0.13646,4.6723,5.0223,5.2342,5.5365,5.8057
0.091351,-0.33752,-0.17449,0.3985,-0.14983,4.4975,5.2342,4.7034,5.2832,5.608
0.085569,0.29,0.21377,0.0053097,0.23351,4.3267,5.5365,5.2832,5.5734,5.8486
0.1464,-0.20205,0.16211,0.27816,0.093886,4.8733,5.8057,5.608,5.8486,5.9116
