0.45975,0.051514,0.10384,0.13973,-0.49483,0.38929,0.42401,-0.5518,-0.31947,0.47509
0.051514,-0.24896,0.36876,0.052685,0.02506,0.10109,0.033125,0.067111,-0.086808,0.16166
0.10384,0.36876,-0.37824,-0.10795,-0.1046,0.32372,0.27085,-0.09269,0.042068,0.38845
0.13973,0.052685,-0.10795,0.029055,-0.26469,0.10936,0.14619,-0.21187,-0.10376,0.41092
-0.49483,0.02506,-0.1046,-0.26469,0.69671,-0.50305,-0.49939,0.83669,0.62556,-0.86475
0.38929,0.10109,0.32372,0.10936,-0.50305,0.40364,0.49499,-0.29723,-0.14161,0.69276
0.42401,0.033125,0.27085,0.14619,-0.49939,0.49499,0.59023,-0.42559,-0.3706,0.76264
-0.5518,0.067111,-0.09269,-0.21187,0.83669,-0.29723,-0.42559,0.6263,0.31333,-0.73191
-0.31947,-0.086808,0.042068,-0.10376,0.62556,-0.14161,-0.3706,0.31333,0.11545,-0.57591
0.47509,0.16166,0.38845,0.41092,-0.86475,0.69276,0.76264,-0.73191,-0.57591,0.58354
