-0.88733,-0.053666,-0.12049,0.039224,-0.15161,-0.07025,-0.27507,5.2374,0.14389,-0.081787
-0.053666,-0.19212,0.085762,-0.10744,-0.14231,-0.18322,-0.066083,0.011797,-0.054123,0.87275
-0.12049,0.085762,-0.044448,0.047127,0.096982,0.090084,0.031601,-0.089526,0.039114,0.029525
0.039224,-0.10744,0.047127,-0.019266,-0.15039,-0.1344,0.01264,-0.079825,-0.18181,0.14304
-0.15161,-0.14231,0.096982,-0.15039,-0.043723,-0.021517,0.05013,-0.072473,-0.053753,0.063146
-0.07025,-0.18322,0.090084,-0.1344,-0.021517,-0.038168,0.028158,-0.091708,0.088851,0.34882
-0.27507,-0.066083,0.031601,0.01264,0.05013,0.028158,0.078139,0.15962,0.17088,-0.23667
5.2374,0.011797,-0.089526,-0.079825,-0.072473,-0.091708,0.15962,-0.50942,-0.3032,0.079762
0.14389,-0.054123,0.039114,-0.18181,-0.053753,0.088851,0.17088,-0.3032,-0.50333,0.10651
-0.081787,0.87275,0.029525,0.14304,0.063146,0.34882,-0.23667,0.079762,0.10651,-8.2955
