6.5966,5.3446,5.4064,5.1466,4.4012,7.0202,6.3708,6.0318,6.023,4.4571
5.3446,4.3521,4.3982,4.1491,4.016,5.6103,5.3545,4.8556,4.7312,3.7164
5.4064,4.3982,4.1026,3.8871,3.9258,5.7386,5.2237,5.0014,4.635,3.9113
5.1466,4.1491,3.8871,3.0388,3.5741,5.1773,4.9782,4.3126,4.0453,3.3456
4.4012,4.016,3.9258,3.5741,2.5973,4.8278,4.3914,4.0882,3.9922,3.1707
7.0202,5.6103,5.7386,5.1773,4.8278,6.7672,6.3031,6.0512,5.6429,4.2755
6.3708,5.3545,5.2237,4.9782,4.3914,6.3031,5.1993,5.7572,5.2537,4.385
6.0318,4.8556,5.0014,4.3126,4.0882,6.0512,5.7572,5.1219,5.1372,3.7405
6.023,4.7312,4.635,4.0453,3.9922,5.6429,5.2537,5.1372,4.4629,3.5378
4.4571,3.7164,3.9113,3.3456,3.1707,4.2755,4.385,3.7405,3.5378,2.6853
