-0.42561,0.030069,-0.69493,0.21496,-0.24332,-0.57731,0.20231,-0.021492,0.13556,-0.073716
0.030069,0.21678,-0.10914,0.056499,-0.088214,-0.17796,0.16106,-0.011532,0.18203,-0.14659
-0.69493,-0.10914,-0.17406,0.074986,-0.046412,0.058348,-0.13453,-0.038077,-0.091519,-0.020691
0.21496,0.056499,0.074986,-0.22972,-0.56097,-0.087652,-0.35471,0.077673,-0.036506,0.28807
-0.24332,-0.088214,-0.046412,-0.56097,3.6076,-0.01802,0.95044,0.088703,-0.20508,-1.0801
-0.57731,-0.17796,0.058348,-0.087652,-0.01802,-0.21524,0.15186,0.032602,-0.041547,-0.05178
0.20231,0.16106,-0.13453,-0.35471,0.95044,0.15186,-0.28922,-0.015375,-0.12414,-0.11201
-0.021492,-0.011532,-0.038077,0.077673,0.088703,0.032602,-0.015375,-0.082805,0.024863,0.011905
0.13556,0.18203,-0.091519,-0.036506,-0.20508,-0.041547,-0.12414,0.024863,0.069958,0.028685
-0.073716,-0.14659,-0.020691,0.28807,-1.0801,-0.05178,-0.11201,0.011905,0.028685,0.34082
