0.44724,-0.020157,0.04268,-0.12292,-0.071522,0.069352,-0.13061,0.10407,-0.35013,0.033177
-0.020157,-0.0042345,0.21038,-0.02994,-0.026962,-0.092523,0.16153,-0.12144,0.054176,0.39601
0.04268,0.21038,-0.06036,0.19624,0.059347,0.26488,0.12793,-0.17907,-0.038856,0.0033366
-0.12292,-0.02994,0.19624,-0.093851,0.061127,-0.053384,-0.039967,0.02809,0.068417,0.092698
-0.071522,-0.026962,0.059347,0.061127,-0.17066,0.084866,0.0025611,-0.082424,-0.018503,-0.15211
0.069352,-0.092523,0.26488,-0.053384,0.084866,0.78491,-0.029088,-0.031057,0.017479,-0.26268
-0.13061,0.16153,0.12793,-0.039967,0.0025611,-0.029088,-0.23948,0.12017,-0.1799,-0.20565
0.10407,-0.12144,-0.17907,0.02809,-0.082424,-0.031057,0.12017,-0.065361,0.11694,0.067495
-0.35013,0.054176,-0.038856,0.068417,-0.018503,0.017479,-0.1799,0.11694,-0.15744,0.22859
0.033177,0.39601,0.0033366,0.092698,-0.15211,-0.26268,-0.20565,0.067495,0.22859,-3.4775
