3.9452,6.2521,4.6398,5.4731,5.3669,5.2133,4.7097,4.6273,4.5423,5.706
6.2521,7.9247,6.2659,6.7457,6.8715,6.552,5.5592,5.6409,6.1739,7.2119
4.6398,6.2659,4.9116,5.6301,5.7653,5.3998,4.8579,4.8156,4.7515,5.7111
5.4731,6.7457,5.6301,5.752,5.9756,5.5555,4.6059,4.8497,5.3443,5.844
5.3669,6.8715,5.7653,5.9756,5.4296,5.814,5.1305,4.8636,5.5883,6.4031
5.2133,6.552,5.3998,5.5555,5.814,5.5607,4.5587,4.8172,4.9671,5.6471
4.7097,5.5592,4.8579,4.6059,5.1305,4.5587,3.2849,3.9303,4.4099,4.7471
4.6273,5.6409,4.8156,4.8497,4.8636,4.8172,3.9303,4.0749,4.4984,5.1186
4.5423,6.1739,4.7515,5.3443,5.5883,4.9671,4.4099,4.4984,4.7308,5.3717
5.706,7.2119,5.7111,5.844,6.4031,5.6471,4.7471,5.1186,5.3717,5.4834
