4.1823,6.5689,4.7642,6.5107,7.4889,0.51573,0.022524,0.35426,0.099587,0.083985
6.5689,5.6688,6.3525,4.3664,2.5634,0.091536,-0.14795,-0.027435,0.024847,0.24788
4.7642,6.3525,6.3433,3.8585,6.8241,0.090188,-0.080713,0.2284,0.12786,0.14445
6.5107,4.3664,3.8585,5.8997,7.4262,0.47555,-0.078533,0.39342,-0.17476,0.026354
7.4889,2.5634,6.8241,7.4262,1.8005,0.14961,-0.32276,-0.18577,-0.28917,0.095939
0.51573,0.091536,0.090188,0.47555,0.14961,6.493,6.1786,6.282,5.6984,4.9155
0.022524,-0.14795,-0.080713,-0.078533,-0.32276,6.1786,5.1808,3.142,4.8277,8.7881
0.35426,-0.027435,0.2284,0.39342,-0.18577,6.282,3.142,5.0585,2.4199,3.028
0.099587,0.024847,0.12786,-0.17476,-0.28917,5.6984,4.8277,2.4199,6.4661,4.0316
0.083985,0.24788,0.14445,0.026354,0.095939,4.9155,8.7881,3.028,4.0316,8.5256
