0.29848,0.20757,0.17561,-0.21017,0.54933,-0.44072,0.031663,-0.53891,0.43848,0.14049
0.20757,0.14142,0.064059,-0.16576,0.10899,-0.099756,0.074852,-0.24371,0.03103,-0.16641
0.17561,0.064059,0.037678,0.039067,0.021594,0.026549,0.010944,-0.17361,0.12195,0.01614
-0.21017,-0.16576,0.039067,0.2073,-0.0094009,0.30423,-0.031461,0.32336,0.07077,0.24946
0.54933,0.10899,0.021594,-0.0094009,0.26076,-0.46763,-0.04238,-0.75977,0.54208,0.65022
-0.44072,-0.099756,0.026549,0.30423,-0.46763,0.26229,-0.061215,1.0296,-0.40887,0.081823
0.031663,0.074852,0.010944,-0.031461,-0.04238,-0.061215,0.016218,0.1812,-0.31488,-0.14658
-0.53891,-0.24371,-0.17361,0.32336,-0.75977,1.0296,0.1812,1.0083,-0.56665,-0.61978
0.43848,0.03103,0.12195,0.07077,0.54208,-0.40887,-0.31488,-0.56665,0.072513,0.60202
0.14049,-0.16641,0.01614,0.24946,0.65022,0.081823,-0.14658,-0.61978,0.60202,0.45056
